-----------------------------------------------------
test 1
A=0.130816
B=0.268109
C=0.0181875
D=0.0547267
E=0.10889
F=0.0793648
G=0.128962
H=0.015
I=0.123972
J=0.0719729

BOI-----------------------------------------------------
test 2
A=0.190277
B=0.0954384
C=0.148268
D=0.171204
E=0.129194
F=0.120589
G=0.145029

BOI-----------------------------------------------------
test 3
A=0.31746
B=0.31746
C=0.31746
D=0.0476192

BOI